1558	[70, 69]	40
1250	[85, 73]	25
0801	[35, 18]	24
041	[63, 66]	39
01196	[69, 77]	44
209	[53, 8]	28
1583	[71, 31]	40
1713	[84, 56]	54
01737	[32, 79]	31
01181	[99, 20]	33
0839	[80, 73]	34
0864	[20, 54]	35
1030	[25, 15]	34
821	[72, 34]	53
1715	[80, 37]	53
581	[74, 19]	54
925	[20, 72]	52
376	[39, 3]	47
948	[14, 48]	40
338	[96, 97]	21
01024	[99, 80]	32
1471	[39, 7]	31
122	[29, 4]	28
01544	[67, 24]	21
567	[56, 90]	44
871	[51, 40]	56
1313	[3, 70]	36
937	[87, 98]	29
1827	[41, 13]	22
1618	[21, 52]	44
1579	[37, 31]	32
01474	[95, 65]	31
303	[0, 66]	39
1040	[23, 43]	27
0426	[39, 12]	55
1152	[74, 63]	41
530	[72, 98]	29
242	[93, 76]	44
900	[54, 48]	44
676	[11, 5]	44
1266	[79, 21]	47
439	[17, 43]	58
01026	[44, 79]	31
0887	[42, 66]	36
91	[99, 54]	22
195	[24, 28]	58
1084	[76, 4]	26
927	[90, 23]	27
219	[75, 89]	28
1215	[90, 71]	37
1396	[39, 32]	56
682	[64, 6]	21
1795	[38, 49]	28
137	[56, 100]	47
1916	[73, 43]	34
413	[45, 77]	58
1462	[32, 99]	56
0640	[66, 67]	26
460	[20, 81]	53
1218	[87, 21]	51
534	[87, 90]	31
01596	[2, 37]	47
152	[65, 37]	38
0431	[73, 93]	24
01322	[8, 15]	50
1377	[17, 44]	33
01625	[73, 97]	58
0629	[89, 38]	52
441	[93, 5]	35
952	[63, 37]	41
0200	[78, 97]	28
847	[61, 4]	53
1678	[71, 8]	49
1659	[3, 75]	24
1408	[97, 50]	53
505	[40, 24]	29
0202	[45, 88]	25
0114	[58, 84]	40
0481	[52, 78]	24
433	[73, 90]	40
703	[42, 27]	56
01186	[20, 74]	45
1060	[33, 6]	39
0716	[75, 60]	55
0345	[13, 12]	46
01648	[37, 71]	44
1395	[12, 7]	58
1738	[59, 32]	29
323	[57, 34]	31
0221	[40, 74]	39
1633	[41, 65]	25
833	[58, 80]	44
1108	[87, 22]	46
0872	[86, 81]	53
1630	[73, 59]	37
909	[42, 79]	24
0557	[16, 82]	56
1983	[20, 17]	28
653	[98, 43]	53
1796	[89, 25]	54
63	[29, 42]	26
380	[43, 28]	41
1038	[91, 32]	34
823	[50, 2]	45
1599	[28, 60]	41
75	[55, 93]	21
1324	[37, 36]	54
317	[16, 33]	46
1325	[40, 31]	38
613	[9, 97]	58
1100	[37, 68]	28
347	[54, 34]	34
1810	[60, 20]	38
01433	[52, 88]	44
895	[76, 8]	28
1965	[33, 17]	26
01855	[75, 44]	44
01604	[81, 85]	24
785	[56, 84]	24
706	[76, 45]	31
01244	[84, 3]	32
019	[24, 27]	57
64	[72, 20]	54
1923	[94, 46]	45
1507	[46, 97]	37
201	[66, 58]	46
1059	[66, 16]	39
1582	[91, 65]	54
995	[85, 9]	52
976	[27, 49]	45
1027	[48, 3]	25
1782	[40, 68]	52
184	[51, 46]	37
1436	[63, 99]	47
258	[83, 21]	57
204	[73, 95]	22
1120	[22, 20]	55
1258	[23, 2]	37
01895	[76, 84]	47
1875	[32, 89]	34
1570	[19, 88]	25
521	[58, 25]	50
723	[58, 49]	54
973	[5, 58]	52
0987	[15, 76]	29
902	[72, 87]	40
168	[32, 20]	43
1465	[60, 5]	37
1096	[19, 84]	21
1732	[92, 27]	25
842	[51, 78]	53
0961	[62, 10]	51
1799	[15, 70]	40
631	[83, 0]	23
244	[70, 97]	43
210	[67, 44]	52
780	[23, 54]	24
55	[36, 52]	58
1184	[11, 4]	44
1124	[77, 45]	57
1123	[15, 23]	31
1606	[7, 24]	53
898	[38, 92]	25
897	[70, 100]	49
403	[46, 12]	57
547	[52, 32]	55
0970	[68, 33]	40
1624	[58, 32]	38
67	[95, 29]	24
2000	[95, 22]	50
1843	[37, 13]	21
1771	[85, 33]	51
1674	[58, 87]	35
845	[95, 48]	49
01670	[62, 46]	34
1496	[58, 15]	49
1617	[89, 30]	33
01171	[43, 65]	57
1999	[96, 26]	47
224	[79, 68]	31
717	[82, 5]	54
966	[2, 12]	42
1754	[58, 68]	23
0527	[55, 55]	33
693	[52, 68]	40
288	[98, 55]	44
01083	[59, 22]	34
509	[45, 68]	25
1259	[9, 66]	22
1762	[43, 2]	44
1766	[95, 38]	25
1631	[14, 59]	54
379	[94, 45]	30
0982	[3, 9]	31
0892	[47, 14]	40
1450	[57, 86]	43
01953	[5, 52]	54
01555	[1, 81]	24
01138	[62, 20]	30
021	[42, 18]	38
0874	[52, 0]	43
1372	[16, 46]	45
1549	[27, 80]	29
1735	[26, 49]	27
0265	[10, 60]	37
1904	[16, 68]	35
1822	[23, 9]	35
1818	[5, 10]	33
1634	[88, 30]	28
1351	[41, 23]	53
1476	[6, 54]	32
01504	[24, 99]	55
233	[94, 12]	21
343	[50, 84]	41
1627	[7, 51]	34
1841	[34, 64]	54
0658	[16, 58]	23
386	[66, 90]	33
1317	[88, 12]	47
408	[21, 55]	35
1308	[71, 51]	47
474	[85, 45]	48
555	[95, 15]	28
0709	[1, 71]	25
228	[36, 90]	33
334	[5, 59]	28
1289	[72, 17]	43
0298	[89, 14]	27
1693	[90, 8]	29
103	[17, 84]	28
1790	[76, 86]	47
1620	[36, 43]	36
302	[41, 50]	54
01858	[85, 99]	34
415	[33, 49]	30
0551	[45, 93]	56
108	[89, 17]	43
1287	[92, 92]	22
865	[15, 59]	51
12	[81, 71]	48
1864	[98, 63]	55
1306	[54, 13]	46
1428	[60, 4]	48
1220	[75, 8]	56
470	[27, 8]	58
0650	[40, 14]	55
611	[13, 32]	36
312	[35, 45]	57
1374	[5, 94]	33
289	[10, 6]	42
1111	[93, 53]	45
1297	[23, 69]	48
1226	[29, 49]	24
300	[79, 8]	23
15	[58, 50]	23
652	[17, 51]	35
01814	[40, 86]	49
448	[30, 14]	45
332	[43, 71]	38
038	[11, 79]	49
01131	[13, 10]	34
637	[17, 77]	39
295	[53, 55]	41
974	[55, 79]	44
520	[13, 4]	43
1608	[57, 100]	25
44	[46, 100]	40
349	[16, 84]	36
617	[16, 92]	58
1290	[80, 25]	56
1512	[70, 83]	23
910	[12, 66]	22
1804	[4, 38]	22
1381	[65, 35]	57
1121	[18, 22]	47
1412	[73, 46]	57
773	[58, 41]	36
621	[25, 22]	46
0174	[13, 9]	32
918	[19, 67]	45
1209	[0, 51]	35
01380	[69, 75]	24
1939	[39, 40]	50
846	[45, 72]	47
01884	[81, 10]	21
670	[33, 39]	58
739	[13, 45]	30
123	[32, 49]	54
1719	[8, 50]	43
291	[48, 19]	38
635	[47, 64]	58
01106	[56, 50]	41
262	[14, 77]	21
0600	[92, 32]	33
1537	[70, 84]	31
1410	[58, 95]	56
0730	[33, 19]	34
1069	[11, 26]	37
238	[94, 14]	22
912	[57, 95]	24
489	[82, 75]	53
1663	[80, 88]	28
47	[22, 9]	22
126	[53, 16]	35
0827	[62, 62]	47
1067	[8, 81]	50
743	[50, 77]	22
479	[20, 2]	30
1642	[23, 68]	38
251	[47, 3]	47
330	[43, 96]	45
01012	[95, 53]	30
1832	[22, 64]	21
16	[20, 1]	23
675	[81, 41]	30
1333	[25, 53]	42
1759	[47, 45]	25
52	[27, 36]	53
1163	[99, 41]	49
416	[7, 69]	39
720	[93, 67]	28
1673	[17, 93]	54
011	[85, 27]	43
01404	[73, 54]	35
1185	[26, 78]	21
1801	[3, 17]	31
0454	[73, 11]	40
1248	[18, 91]	45
01384	[34, 29]	28
1393	[85, 83]	51
1551	[99, 5]	25
01721	[54, 60]	23
1481	[18, 15]	39
1094	[67, 37]	39
146	[84, 78]	39
1066	[6, 25]	34
1750	[4, 21]	28
648	[28, 38]	32
1968	[20, 44]	58
1010	[4, 70]	53
928	[39, 14]	32
1301	[46, 64]	34
1592	[21, 88]	29
844	[25, 25]	48
724	[6, 6]	54
1605	[75, 23]	53
876	[37, 72]	51
105	[59, 71]	33
988	[17, 32]	21
1529	[58, 51]	48
1482	[34, 49]	57
1315	[27, 71]	41
475	[99, 82]	34
1724	[34, 58]	57
0602	[80, 40]	28
79	[56, 17]	28
946	[57, 19]	34
424	[1, 95]	48
1036	[20, 95]	51
420	[1, 64]	42
811	[66, 92]	49
104	[58, 100]	32
109	[37, 15]	41
212	[64, 71]	36
1621	[34, 38]	46
1849	[28, 52]	30
0500	[48, 22]	53
01425	[4, 55]	51
1505	[40, 59]	25
1808	[45, 57]	21
0359	[31, 39]	52
249	[77, 0]	23
01101	[77, 21]	47
806	[8, 9]	54
498	[34, 34]	35
01400	[25, 49]	53
86	[40, 37]	49
452	[100, 15]	45
776	[91, 62]	30
808	[77, 42]	23
354	[41, 28]	38
290	[8, 83]	56
786	[76, 14]	46
0632	[41, 62]	38
1326	[42, 60]	58
510	[68, 77]	37
459	[50, 5]	29
668	[63, 6]	35
01328	[3, 73]	49
1899	[23, 57]	38
1375	[65, 84]	55
560	[86, 88]	58
1009	[31, 74]	43
1877	[16, 60]	22
0881	[100, 86]	38
394	[19, 87]	31
94	[65, 7]	50
71	[27, 86]	52
1632	[41, 59]	39
1373	[7, 41]	52
677	[23, 64]	50
941	[33, 60]	53
26	[16, 29]	23
1597	[76, 26]	55
507	[45, 11]	41
01845	[44, 6]	44
964	[33, 26]	26
01639	[57, 24]	55
1494	[45, 59]	47
110	[64, 19]	47
83	[68, 54]	21
234	[69, 50]	50
777	[26, 19]	30
0835	[67, 5]	30
1902	[10, 8]	27
01586	[67, 99]	30
1357	[11, 68]	50
1318	[28, 58]	33
414	[19, 89]	39
307	[49, 7]	41
589	[93, 43]	45
1028	[49, 65]	27
235	[98, 50]	21
1819	[16, 40]	35
117	[20, 27]	25
01830	[61, 61]	26
1951	[35, 14]	23
1383	[47, 99]	47
85	[37, 81]	58
820	[72, 24]	58
673	[15, 17]	53
1342	[52, 24]	50
1960	[39, 48]	58
1962	[57, 6]	44
230	[96, 13]	36
1426	[0, 11]	21
1692	[83, 39]	42
01656	[97, 61]	27
389	[78, 63]	43
1430	[70, 1]	22
1933	[12, 95]	56
0679	[50, 94]	41
0850	[25, 37]	37
1446	[72, 48]	42
45	[47, 88]	39
0893	[43, 44]	32
1261	[86, 90]	35
1182	[58, 18]	35
1891	[50, 56]	56
1989	[68, 96]	34
814	[4, 4]	33
1437	[52, 58]	42
256	[42, 29]	25
01594	[55, 48]	36
0197	[12, 62]	48
570	[70, 39]	33
1638	[20, 38]	23
01696	[62, 48]	43
1616	[13, 43]	29
1920	[97, 67]	48
187	[74, 0]	48
0715	[14, 61]	45
37	[72, 97]	22
01200	[37, 56]	43
1516	[6, 72]	43
1105	[50, 96]	58
191	[36, 73]	45
1303	[63, 25]	27
550	[17, 7]	55
1122	[28, 42]	50
1068	[0, 23]	50
1701	[22, 11]	25
080	[68, 34]	51
032	[77, 44]	48
01222	[82, 56]	45
308	[42, 75]	47
1683	[49, 82]	45
24	[58, 56]	51
1897	[0, 0]	43
586	[59, 35]	45
0368	[76, 13]	40
246	[4, 41]	34
0998	[84, 80]	50
01838	[86, 59]	54
393	[95, 83]	29
1254	[96, 36]	24
43	[7, 80]	30
1207	[45, 37]	33
798	[76, 100]	42
1566	[59, 2]	41
22	[76, 21]	27
824	[53, 22]	33
01283	[94, 10]	33
462	[58, 76]	33
74	[51, 71]	46
1802	[72, 54]	45
713	[96, 6]	45
1593	[13, 14]	56
395	[60, 84]	30
405	[19, 50]	41
1733	[88, 73]	40
1786	[75, 78]	24
1676	[41, 7]	44
1149	[57, 43]	51
1419	[59, 98]	45
1868	[19, 39]	49
01927	[61, 90]	30
14	[36, 80]	38
0616	[84, 87]	24
1764	[96, 38]	30
983	[20, 68]	51
1767	[72, 55]	37
1049	[83, 29]	41
1355	[7, 22]	29
466	[7, 54]	24
1363	[67, 57]	53
225	[81, 97]	37
101	[81, 17]	35
1460	[18, 84]	39
113	[68, 99]	28
01056	[95, 20]	29
1177	[91, 95]	38
485	[17, 64]	46
144	[3, 54]	54
56	[41, 94]	27
1992	[63, 53]	47
1981	[66, 4]	52
891	[56, 43]	47
1455	[80, 91]	28
506	[69, 34]	57
1831	[12, 27]	30
01720	[71, 83]	22
726	[10, 67]	45
1776	[1, 33]	44
01359	[92, 60]	23
1071	[59, 30]	26
605	[67, 16]	58
214	[49, 6]	46
01348	[92, 34]	27
0428	[40, 29]	48
1700	[4, 13]	32
0118	[72, 67]	43
311	[2, 10]	57
409	[68, 21]	48
427	[5, 39]	48
192	[84, 62]	37
792	[67, 46]	44
1931	[63, 49]	26
1708	[51, 21]	41
877	[51, 22]	42
564	[68, 43]	32
528	[96, 85]	37
1521	[76, 11]	30
115	[36, 69]	45
1107	[58, 3]	34
1288	[15, 2]	26
0576	[32, 67]	39
515	[72, 49]	49
01493	[79, 70]	46
0880	[80, 70]	28
391	[73, 69]	48
1922	[78, 33]	26
0731	[86, 26]	39
1394	[64, 65]	31
740	[90, 85]	42
33	[98, 40]	28
40	[100, 2]	28
1985	[85, 67]	44
155	[23, 87]	38
797	[47, 16]	40
01206	[14, 4]	30
01230	[59, 59]	45
908	[19, 79]	42
1613	[52, 4]	40
884	[3, 71]	47
95	[84, 12]	39
1533	[75, 84]	24
01227	[90, 42]	32
1053	[52, 98]	27
0907	[15, 96]	32
587	[39, 42]	56
154	[41, 6]	28
690	[29, 28]	55
82	[48, 62]	23
148	[4, 86]	39
916	[17, 87]	41
381	[59, 23]	29
1023	[63, 45]	29
1976	[82, 61]	55
1869	[45, 80]	44
758	[19, 28]	51
1503	[25, 87]	50
1774	[90, 18]	51
1497	[1, 61]	53
697	[73, 15]	22
1062	[60, 29]	21
327	[47, 54]	40
0309	[93, 21]	45
73	[57, 52]	51
1711	[33, 85]	45
476	[26, 71]	45
1998	[58, 47]	30
1343	[77, 83]	53
382	[53, 93]	42
1104	[70, 21]	45
1127	[67, 52]	27
0931	[77, 7]	28
87	[16, 4]	29
1896	[59, 85]	42
1076	[79, 98]	23
1403	[83, 79]	56
293	[9, 95]	54
153	[59, 73]	54
1140	[90, 26]	36
639	[95, 27]	47
1270	[71, 66]	21
1925	[79, 75]	58
1018	[52, 50]	30
272	[7, 93]	40
1274	[37, 9]	36
01280	[66, 27]	23
906	[61, 88]	33
01698	[66, 46]	28
01881	[39, 54]	48
1233	[85, 23]	58
453	[9, 57]	42
596	[37, 61]	35
01352	[64, 79]	25
775	[4, 11]	38
488	[33, 89]	50
992	[28, 46]	53
1202	[45, 87]	42
01077	[86, 79]	49
1434	[74, 74]	53
240	[35, 8]	48
1526	[84, 35]	35
306	[91, 9]	35
231	[81, 74]	56
0849	[49, 52]	55
754	[54, 81]	58
1079	[48, 18]	22
1341	[19, 60]	54
633	[32, 32]	33
643	[15, 91]	39
1928	[24, 67]	58
787	[13, 64]	48
1805	[86, 87]	23
699	[0, 25]	45
734	[11, 89]	23
1229	[32, 76]	24
01536	[24, 75]	27
685	[60, 41]	30
1807	[97, 60]	33
0305	[59, 9]	49
1307	[5, 30]	49
1934	[9, 85]	45
1842	[98, 22]	54
1820	[86, 11]	54
1658	[100, 33]	57
35	[33, 44]	46
1045	[63, 62]	29
1141	[12, 68]	29
0358	[46, 33]	21
419	[45, 98]	34
01615	[14, 66]	26
1411	[4, 63]	36
999	[96, 98]	26
158	[64, 86]	36
1070	[48, 5]	55
1661	[97, 91]	37
348	[91, 42]	35
1235	[23, 4]	48
490	[73, 83]	54
013	[83, 91]	55
29	[78, 14]	42
951	[13, 7]	29
971	[92, 4]	49
1467	[3, 28]	49
889	[63, 63]	37
1971	[51, 56]	42
1740	[88, 6]	26
595	[21, 2]	53
0575	[99, 28]	38
707	[54, 99]	36
1278	[92, 91]	21
1614	[34, 0]	52
1990	[17, 100]	44
287	[85, 28]	25
01044	[98, 59]	21
1584	[94, 93]	48
1576	[85, 68]	48
01671	[56, 26]	21
1921	[37, 76]	51
360	[73, 17]	56
1946	[79, 90]	22
869	[31, 79]	32
1862	[29, 92]	24
1464	[86, 39]	41
949	[50, 95]	49
01237	[51, 75]	42
1150	[10, 5]	25
1588	[99, 6]	54
1269	[61, 81]	31
1958	[88, 31]	50
985	[73, 70]	48
1647	[73, 1]	53
1793	[81, 70]	30
01115	[100, 26]	48
1725	[89, 63]	36
226	[68, 66]	56
553	[11, 58]	40
852	[71, 70]	29
471	[8, 31]	43
0692	[75, 33]	50
1228	[20, 22]	23
156	[59, 94]	54
0511	[46, 7]	46
0326	[14, 31]	50
2001	[78, 85]	28
848	[26, 43]	33
0830	[19, 63]	52
1986	[70, 90]	50
1979	[80, 87]	39
01988	[5, 67]	21
62	[65, 49]	32
994	[89, 43]	30
921	[32, 14]	41
1360	[76, 64]	30
0183	[43, 77]	47
90	[95, 9]	21
1590	[67, 0]	29
0318	[33, 96]	54
167	[45, 70]	29
217	[55, 60]	31
1835	[48, 92]	23
01081	[32, 17]	42
1252	[31, 96]	54
316	[14, 92]	44
0993	[89, 84]	28
1908	[25, 3]	41
107	[99, 17]	43
134	[55, 17]	35
1730	[9, 100]	47
432	[10, 100]	45
766	[53, 2]	44
1472	[70, 17]	27
1859	[44, 11]	48
1885	[15, 29]	50
296	[86, 42]	57
1390	[16, 95]	39
1256	[18, 25]	32
313	[76, 38]	47
411	[99, 75]	53
594	[93, 74]	58
815	[23, 13]	49
1257	[76, 71]	25
1887	[86, 66]	27
1376	[71, 45]	21
582	[18, 12]	33
1286	[19, 61]	33
01973	[26, 63]	51
915	[59, 52]	39
01930	[23, 46]	28
1772	[1, 15]	36
1901	[46, 58]	45
725	[51, 100]	39
1560	[81, 83]	33
0829	[17, 94]	49
903	[59, 60]	50
1787	[46, 41]	26
1092	[35, 51]	41
1418	[9, 80]	28
1356	[43, 92]	37
0781	[31, 14]	45
790	[20, 13]	35
1581	[52, 2]	51
1697	[90, 64]	25
286	[96, 60]	37
1628	[16, 100]	53
1048	[45, 58]	57
01091	[13, 83]	36
352	[94, 47]	36
01622	[40, 69]	51
150	[14, 5]	39
1743	[61, 96]	23
1331	[13, 63]	42
1414	[73, 22]	26
01323	[83, 24]	42
1540	[92, 89]	25
614	[26, 28]	29
799	[86, 63]	56
542	[80, 59]	25
0142	[49, 46]	27
1361	[8, 100]	53
1883	[18, 87]	30
491	[43, 33]	37
0477	[99, 97]	34
218	[46, 18]	39
68	[52, 41]	45
665	[86, 71]	54
0712	[45, 42]	48
229	[13, 92]	43
769	[50, 11]	29
803	[20, 78]	57
1391	[47, 25]	56
809	[13, 27]	35
598	[68, 39]	28
856	[12, 45]	57
1554	[100, 46]	43
1753	[30, 60]	37
536	[29, 20]	48
01955	[57, 36]	49
01552	[66, 75]	55
1688	[79, 73]	27
1392	[95, 49]	37
01757	[26, 95]	30
1561	[16, 14]	48
1449	[60, 11]	51
0412	[87, 40]	29
378	[49, 30]	26
924	[81, 80]	37
532	[29, 91]	50
157	[56, 18]	43
1836	[97, 41]	24
624	[8, 46]	40
0535	[75, 91]	23
0625	[61, 78]	36
01456	[69, 65]	55
1473	[66, 76]	31
1765	[70, 16]	55
0182	[98, 77]	29
01132	[24, 65]	21
1213	[40, 57]	27
8	[9, 34]	35
66	[66, 56]	45
508	[77, 19]	53
791	[7, 59]	24
1589	[27, 77]	23
01249	[28, 12]	33
878	[85, 17]	41
634	[34, 98]	26
719	[14, 78]	58
1518	[65, 48]	56
923	[2, 58]	58
355	[28, 79]	48
1241	[20, 83]	51
1936	[69, 91]	57
0678	[54, 28]	52
972	[40, 32]	43
275	[23, 44]	44
0942	[54, 12]	50
01825	[58, 90]	34
1637	[23, 5]	47
1565	[21, 46]	27
1602	[90, 21]	54
269	[4, 90]	32
997	[56, 99]	28
812	[14, 85]	24
669	[7, 70]	43
1225	[10, 22]	25
0796	[63, 95]	32
1982	[30, 97]	33
1321	[45, 20]	37
1370	[57, 16]	47
177	[53, 25]	34
0684	[76, 60]	39
813	[39, 45]	21
01655	[30, 92]	47
538	[61, 3]	47
1961	[100, 70]	49
539	[92, 1]	31
1338	[61, 94]	37
263	[33, 29]	32
01398	[41, 70]	49
618	[60, 42]	58
398	[32, 85]	41
0760	[83, 94]	45
96	[50, 14]	58
0934	[33, 37]	26
270	[68, 73]	25
01085	[97, 58]	39
1440	[75, 56]	51
523	[53, 65]	51
0920	[57, 20]	50
1839	[57, 88]	35
0516	[73, 30]	23
1054	[92, 53]	27
1423	[57, 73]	41
01852	[0, 72]	26
01954	[21, 79]	44
899	[74, 17]	50
01542	[80, 82]	53
1057	[71, 5]	43
0484	[50, 31]	40
193	[41, 46]	29
451	[29, 18]	39
1669	[81, 53]	38
855	[19, 62]	35
1945	[98, 80]	46
1559	[23, 3]	49
1005	[84, 26]	57
100	[49, 36]	33
324	[99, 45]	54
765	[23, 97]	29
674	[14, 6]	30
1098	[11, 24]	47
01851	[30, 100]	54
1179	[86, 5]	36
1065	[51, 95]	31
1736	[92, 85]	47
1439	[49, 11]	57
048	[8, 40]	22
1365	[65, 26]	35
1903	[82, 22]	36
718	[33, 51]	55
01204	[54, 18]	23
0794	[3, 7]	44
271	[24, 59]	43
608	[57, 44]	36
1876	[6, 73]	38
266	[37, 78]	55
1314	[1, 90]	50
473	[96, 93]	31
1773	[42, 62]	24
1490	[73, 14]	28
1717	[59, 63]	48
239	[58, 67]	27
1172	[51, 74]	37
977	[48, 84]	40
1019	[88, 19]	31
0350	[78, 90]	54
01685	[73, 53]	22
1080	[99, 76]	55
546	[19, 0]	42
273	[97, 33]	36
0862	[50, 83]	21
663	[41, 30]	51
1873	[8, 43]	49
1020	[36, 10]	39
1238	[99, 94]	47
01956	[42, 23]	53
1915	[15, 10]	25
863	[91, 36]	38
128	[23, 93]	30
1756	[73, 91]	28
1699	[91, 28]	48
857	[55, 4]	43
01809	[14, 65]	37
1332	[7, 58]	31
1255	[61, 62]	33
01327	[15, 60]	38
1284	[88, 92]	23
336	[1, 74]	23
140	[86, 14]	47
1116	[6, 96]	30
185	[59, 66]	58
1442	[38, 78]	29
1888	[23, 29]	39
732	[0, 56]	25
1463	[30, 27]	48
01017	[58, 53]	25
1779	[86, 40]	22
1668	[75, 59]	28
1011	[18, 21]	21
363	[0, 50]	41
832	[2, 22]	36
1195	[23, 31]	49
940	[31, 6]	39
369	[39, 38]	37
1760	[11, 73]	43
01914	[59, 91]	58
584	[35, 58]	55
1863	[87, 46]	56
1578	[54, 6]	39
340	[35, 61]	49
1119	[69, 52]	47
179	[57, 22]	54
01746	[11, 29]	58
854	[97, 30]	23
120	[42, 36]	54
1882	[24, 98]	25
746	[5, 63]	38
822	[25, 97]	54
65	[59, 78]	22
445	[89, 78]	25
1543	[74, 30]	53
1911	[21, 75]	52
1657	[29, 87]	46
450	[69, 20]	42
888	[83, 40]	58
131	[10, 52]	50
1305	[60, 57]	21
1641	[30, 99]	25
162	[81, 61]	53
377	[91, 16]	42
1640	[30, 63]	29
442	[38, 7]	35
0859	[29, 30]	39
1763	[14, 71]	56
01553	[66, 25]	29
680	[62, 21]	35
1013	[19, 34]	57
01952	[37, 49]	46
1183	[9, 5]	34
01977	[77, 16]	26
654	[62, 52]	33
1722	[59, 7]	36
049	[95, 1]	57
01816	[1, 30]	42
0165	[60, 17]	25
1741	[69, 73]	21
315	[79, 24]	48
1775	[64, 81]	33
1199	[16, 38]	30
0585	[60, 99]	58
1002	[7, 64]	48
203	[65, 51]	50
753	[54, 90]	46
704	[12, 92]	42
01443	[70, 26]	30
404	[14, 52]	34
1429	[95, 32]	49
0886	[98, 5]	21
956	[66, 18]	38
1189	[62, 71]	43
1298	[19, 98]	25
804	[97, 80]	48
1078	[47, 56]	34
1731	[43, 27]	25
60	[57, 47]	47
544	[54, 42]	25
260	[58, 11]	27
1755	[65, 39]	28
1499	[44, 4]	58
01534	[33, 62]	44
1833	[0, 97]	48
755	[97, 49]	32
0170	[94, 31]	30
1834	[71, 92]	47
1431	[9, 13]	23
0496	[32, 77]	32
1716	[2, 44]	45
01022	[91, 11]	33
1806	[74, 81]	41
1128	[1, 52]	21
0366	[82, 26]	46
160	[24, 57]	43
700	[51, 54]	48
0533	[88, 0]	52
1865	[75, 5]	37
01379	[26, 89]	31
0603	[60, 44]	45
1861	[98, 17]	29
01909	[69, 41]	55
559	[75, 1]	50
01847	[92, 61]	47
01778	[22, 36]	39
337	[83, 18]	21
1769	[79, 4]	58
963	[60, 96]	47
1714	[30, 36]	45
1145	[26, 55]	53
788	[29, 0]	22
630	[32, 90]	46
447	[83, 61]	34
418	[9, 51]	42
0211	[47, 47]	51
601	[1, 37]	33
568	[25, 28]	52
1371	[92, 94]	27
310	[70, 43]	56
0729	[61, 89]	29
573	[45, 92]	37
01302	[15, 26]	36
597	[0, 76]	54
687	[6, 91]	27
1174	[0, 73]	58
540	[66, 10]	34
57	[67, 28]	25
36	[45, 66]	42
1913	[82, 45]	58
01823	[81, 26]	31
1113	[13, 55]	25
1232	[95, 3]	25
689	[48, 80]	24
737	[29, 31]	23
468	[80, 71]	50
493	[20, 39]	27
1509	[45, 15]	26
1821	[51, 6]	28
1791	[78, 46]	37
0879	[42, 44]	56
1155	[56, 39]	40
744	[1, 5]	54
1546	[79, 32]	41
1967	[40, 94]	30
01710	[99, 98]	43
1867	[86, 12]	40
133	[19, 40]	54
351	[23, 89]	58
1562	[45, 49]	52
364	[61, 25]	32
392	[23, 41]	31
0487	[78, 94]	30
0437	[7, 44]	35
714	[84, 17]	57
0362	[3, 99]	55
0914	[28, 75]	39
483	[100, 50]	39
757	[62, 85]	22
1751	[15, 47]	31
0664	[84, 48]	29
1102	[97, 48]	36
905	[84, 13]	25
01890	[76, 50]	27
141	[96, 8]	53
722	[54, 63]	44
0299	[72, 25]	34
1848	[57, 96]	49
164	[44, 87]	34
01093	[2, 89]	54
34	[85, 93]	24
176	[84, 49]	30
793	[31, 59]	58
438	[67, 14]	27
1210	[31, 16]	28
702	[41, 91]	29
1959	[14, 39]	45
277	[3, 72]	22
01260	[23, 49]	38
172	[27, 47]	22
1957	[43, 98]	58
875	[75, 2]	31
984	[22, 60]	48
373	[94, 48]	34
838	[88, 58]	55
331	[4, 15]	46
1008	[21, 23]	47
1435	[20, 96]	49
1761	[21, 17]	21
545	[100, 57]	28
0406	[24, 90]	47
01162	[41, 35]	57
01978	[82, 17]	49
494	[55, 88]	50
531	[48, 82]	25
1386	[13, 34]	54
1234	[42, 59]	49
1151	[20, 19]	48
01015	[30, 77]	52
1524	[95, 50]	48
1097	[10, 64]	34
01043	[73, 8]	23
0655	[28, 27]	28
0627	[99, 85]	34
1137	[47, 50]	43
0950	[9, 64]	35
1300	[38, 50]	21
344	[76, 68]	37
1299	[1, 67]	24
1349	[19, 65]	31
1910	[65, 66]	57
0422	[47, 93]	42
497	[51, 35]	55
1768	[70, 15]	33
1192	[22, 89]	26
1016	[34, 1]	45
1198	[18, 14]	46
61	[79, 45]	53
1785	[80, 55]	34
930	[33, 7]	30
7	[48, 25]	48
1770	[78, 96]	43
01924	[4, 83]	53
1335	[49, 51]	37
694	[68, 40]	30
1681	[73, 42]	46
245	[90, 50]	45
0455	[45, 14]	49
1689	[2, 0]	35
1406	[3, 39]	56
374	[0, 89]	53
1347	[85, 5]	53
691	[2, 86]	32
01975	[49, 73]	25
01037	[97, 8]	34
1025	[54, 8]	46
0267	[6, 84]	43
1513	[83, 44]	39
175	[43, 46]	31
1454	[76, 57]	32
935	[55, 30]	35
1021	[85, 64]	51
1345	[94, 76]	27
25	[31, 22]	30
563	[77, 87]	30
0645	[9, 96]	26
1125	[99, 8]	30
1789	[56, 56]	30
469	[91, 89]	32
472	[76, 70]	22
1644	[25, 94]	48
0513	[42, 74]	28
1165	[26, 94]	31
0361	[24, 19]	21
0554	[54, 37]	50
926	[5, 32]	29
1860	[8, 16]	30
1677	[17, 39]	47
1598	[72, 94]	52
278	[40, 97]	25
161	[3, 35]	54
0656	[39, 33]	25
01169	[20, 7]	51
0478	[97, 6]	40
1672	[5, 3]	56
945	[67, 38]	53
0919	[56, 21]	40
566	[38, 13]	30
1574	[76, 93]	51
1665	[13, 84]	40
77	[64, 64]	43
969	[80, 20]	49
464	[61, 92]	42
220	[93, 56]	38
119	[67, 73]	40
400	[17, 63]	33
1246	[33, 95]	46
1158	[35, 82]	34
1997	[19, 36]	33
522	[99, 78]	46
01397	[3, 68]	42
612	[0, 48]	45
2	[20, 97]	49
0248	[27, 73]	41
247	[17, 78]	25
0763	[94, 21]	53
1892	[45, 54]	25
0208	[38, 15]	42
0294	[47, 21]	44
1514	[36, 14]	30
607	[49, 50]	46
28	[5, 26]	47
1099	[66, 81]	32
1783	[59, 81]	45
1217	[65, 32]	23
929	[60, 95]	54
1850	[33, 27]	41
243	[71, 72]	53
644	[98, 39]	45
84	[52, 8]	33
1694	[42, 26]	46
0232	[29, 96]	54
1114	[67, 71]	43
749	[41, 24]	24
01749	[67, 55]	31
01296	[48, 61]	32
901	[71, 29]	27
1573	[41, 2]	45
549	[30, 20]	42
0375	[0, 34]	28
922	[87, 54]	57
463	[40, 83]	36
944	[76, 55]	41
0541	[12, 78]	39
1063	[35, 0]	32
151	[27, 53]	30
304	[14, 100]	58
01798	[77, 11]	21
383	[78, 8]	25
1874	[62, 42]	58
0784	[73, 35]	57
01242	[53, 7]	27
1609	[98, 71]	54
1569	[11, 97]	36
1906	[93, 32]	43
01452	[64, 2]	37
1320	[74, 2]	44
01635	[50, 24]	54
1856	[5, 18]	31
282	[24, 49]	46
499	[44, 9]	50
01340	[32, 9]	46
1918	[65, 34]	47
1466	[26, 100]	25
626	[94, 99]	38
1006	[96, 73]	55
774	[15, 56]	57
1610	[29, 88]	43
51	[21, 14]	24
1995	[0, 46]	58
1271	[8, 6]	40
933	[0, 22]	41
1508	[58, 37]	44
254	[17, 36]	56
1539	[47, 2]	26
1003	[38, 32]	42
1337	[38, 96]	29
01797	[10, 49]	42
06	[59, 44]	50
1937	[83, 95]	43
1854	[12, 100]	32
53	[42, 73]	28
770	[56, 35]	57
1691	[39, 18]	35
367	[79, 62]	50
1073	[43, 48]	40
1844	[11, 34]	52
1879	[20, 8]	24
322	[77, 8]	28
440	[39, 36]	48
968	[14, 72]	34
1312	[88, 81]	47
1447	[42, 54]	23
1378	[29, 23]	58
996	[39, 28]	52
149	[96, 4]	39
01964	[52, 3]	37
1515	[46, 62]	48
188	[2, 3]	56
01556	[64, 0]	48
958	[14, 1]	22
01739	[91, 74]	41
1362	[6, 59]	48
171	[75, 37]	35
1224	[69, 87]	49
1492	[55, 87]	42
130	[2, 93]	52
590	[72, 63]	41
686	[36, 75]	35
18	[44, 43]	35
1201	[41, 83]	45
1188	[100, 97]	22
1187	[24, 7]	54
1219	[85, 77]	26
01643	[51, 32]	45
01014	[55, 50]	57
1046	[90, 57]	27
696	[41, 8]	56
1935	[93, 47]	24
745	[71, 93]	25
1498	[35, 91]	34
1548	[73, 19]	30
206	[24, 83]	34
1898	[25, 31]	46
01369	[18, 60]	27
1153	[76, 25]	38
885	[32, 83]	37
1702	[47, 5]	46
1354	[33, 20]	43
397	[93, 94]	38
163	[33, 73]	24
1690	[55, 100]	56
701	[0, 26]	49
524	[66, 34]	38
423	[13, 48]	25
456	[15, 24]	24
1293	[72, 22]	27
1600	[58, 26]	57
1453	[27, 13]	49
01846	[26, 77]	41
1052	[32, 52]	35
1811	[75, 73]	54
638	[6, 49]	26
0396	[54, 26]	46
957	[55, 51]	26
1136	[49, 72]	42
1262	[47, 52]	21
1086	[31, 64]	39
353	[35, 31]	48
1972	[21, 33]	47
750	[23, 11]	54
1666	[63, 43]	38
1441	[90, 84]	32
333	[30, 19]	38
578	[65, 77]	45
1623	[50, 48]	46
789	[46, 89]	35
1941	[59, 50]	36
01413	[10, 77]	49
01727	[88, 29]	35
010	[68, 3]	44
102	[29, 65]	27
01164	[16, 11]	51
1564	[18, 81]	33
1917	[74, 69]	23
1432	[98, 10]	23
449	[11, 71]	41
3	[76, 63]	30
840	[47, 7]	28
0867	[57, 46]	34
896	[63, 5]	38
562	[46, 6]	39
1239	[66, 53]	51
1837	[20, 90]	35
0735	[50, 7]	55
1541	[53, 24]	48
1294	[46, 96]	25
1146	[43, 41]	43
1144	[60, 27]	50
817	[92, 58]	21
98	[20, 92]	30
387	[52, 53]	42
1416	[60, 55]	22
261	[95, 40]	38
579	[73, 38]	35
237	[74, 46]	52
1880	[34, 15]	43
831	[82, 85]	57
0795	[1, 93]	45
1709	[60, 43]	44
768	[29, 53]	39
076	[32, 56]	54
525	[6, 56]	25
1134	[71, 56]	29
135	[73, 80]	36
1942	[23, 100]	39
89	[7, 12]	58
1905	[0, 95]	56
1251	[62, 59]	35
1940	[76, 9]	24
356	[91, 22]	31
913	[54, 10]	21
1619	[25, 92]	42
569	[65, 57]	51
623	[6, 45]	35
1190	[94, 29]	27
1402	[22, 61]	51
429	[6, 0]	29
129	[2, 19]	36
46	[1, 31]	25
651	[84, 50]	23
752	[48, 75]	38
1703	[48, 9]	28
1103	[12, 60]	31
01050	[26, 75]	44
59	[7, 30]	39
01211	[93, 23]	36
01491	[24, 77]	47
401	[68, 85]	36
1420	[80, 42]	46
99	[70, 78]	32
583	[18, 63]	34
666	[66, 21]	55
189	[54, 96]	57
512	[19, 82]	21
1265	[16, 3]	34
1310	[85, 74]	45
031	[32, 71]	33
698	[86, 17]	36
1470	[63, 41]	54
467	[87, 59]	39
778	[57, 30]	46
97	[92, 45]	36
943	[23, 82]	32
733	[28, 76]	52
1707	[37, 17]	55
959	[23, 53]	37
1547	[93, 10]	22
023	[38, 72]	52
1784	[30, 49]	41
1427	[14, 83]	31
0870	[85, 88]	28
1601	[90, 3]	24
1033	[79, 61]	22
486	[67, 1]	44
1194	[54, 76]	48
1870	[67, 34]	50
1329	[59, 21]	47
198	[46, 59]	45
1389	[6, 63]	51
0501	[32, 22]	51
1457	[21, 34]	41
1486	[55, 18]	30
818	[99, 70]	24
01117	[34, 74]	45
297	[100, 58]	50
319	[66, 73]	27
954	[42, 89]	57
1969	[4, 3]	36
738	[5, 6]	32
1794	[9, 20]	48
688	[87, 65]	36
292	[94, 85]	30
070	[45, 5]	57
1231	[96, 74]	26
1645	[89, 57]	52
1272	[12, 51]	25
917	[82, 66]	51
591	[92, 74]	26
1527	[22, 22]	37
1857	[1, 72]	46
430	[8, 90]	55
1500	[77, 58]	27
960	[60, 25]	26
1090	[22, 82]	41
0268	[72, 99]	58
1001	[26, 62]	34
1247	[1, 65]	46
321	[45, 30]	56
1585	[38, 11]	55
1035	[94, 0]	24
69	[71, 50]	28
285	[11, 17]	46
1364	[44, 36]	44
1458	[51, 11]	27
0965	[54, 38]	30
1900	[74, 97]	27
1926	[10, 19]	27
01316	[85, 14]	41
671	[20, 94]	38
1295	[77, 5]	23
173	[52, 90]	46
01748	[40, 28]	30
1353	[84, 34]	37
837	[18, 53]	27
0552	[99, 29]	50
1652	[30, 74]	45
01510	[68, 65]	39
1444	[18, 34]	54
868	[22, 84]	51
1704	[80, 45]	54
1651	[90, 38]	53
482	[83, 53]	36
399	[64, 27]	37
1089	[41, 63]	41
116	[50, 44]	51
764	[18, 32]	27
1382	[59, 82]	22
659	[67, 88]	31
1511	[22, 62]	23
1485	[99, 61]	22
828	[95, 93]	43
615	[11, 86]	29
1180	[49, 2]	26
01409	[79, 53]	51
894	[7, 72]	22
1726	[86, 94]	24
1517	[91, 15]	52
1147	[60, 81]	53
1407	[81, 45]	44
1984	[79, 16]	22
402	[44, 15]	39
1636	[58, 60]	50
1705	[10, 68]	22
01525	[36, 1]	31
1459	[83, 58]	47
742	[2, 94]	23
0112	[31, 71]	44
106	[79, 34]	30
0657	[91, 57]	32
01662	[27, 30]	23
1159	[29, 5]	58
1886	[41, 20]	57
1110	[44, 7]	26
1072	[53, 67]	58
1675	[11, 16]	21
990	[22, 43]	44
01273	[76, 66]	55
169	[29, 41]	55
1567	[96, 88]	41
939	[3, 8]	38
0276	[82, 62]	22
1197	[13, 75]	38
1970	[77, 51]	43
1095	[27, 2]	43
660	[96, 12]	38
301	[78, 74]	38
661	[13, 59]	36
421	[34, 63]	40
1488	[16, 53]	21
274	[34, 33]	56
502	[55, 45]	34
1156	[83, 88]	24
980	[69, 89]	34
0329	[65, 50]	37
1966	[32, 18]	37
01032	[44, 28]	50
01815	[24, 71]	38
194	[28, 91]	44
667	[76, 94]	54
1031	[29, 15]	58
1112	[19, 19]	38
0390	[84, 40]	53
1932	[96, 35]	32
1650	[10, 50]	56
841	[56, 30]	22
0861	[67, 54]	38
1654	[100, 73]	25
1987	[20, 87]	33
593	[11, 40]	29
01595	[60, 1]	25
0281	[37, 35]	37
0328	[42, 15]	22
1938	[80, 12]	53
181	[56, 92]	57
711	[2, 64]	24
284	[71, 16]	27
1712	[33, 2]	55
127	[70, 53]	41
953	[31, 90]	48
1061	[84, 79]	36
223	[30, 75]	37
574	[33, 75]	47
1135	[5, 74]	24
0622	[73, 31]	33
01205	[77, 54]	41
384	[8, 33]	40
357	[35, 55]	57
279	[7, 35]	53
748	[64, 48]	40
1051	[2, 23]	46
975	[17, 18]	24
1626	[79, 49]	33
0371	[28, 56]	43
325	[57, 78]	28
1154	[90, 4]	54
636	[96, 63]	34
802	[97, 42]	35
346	[42, 48]	52
1646	[48, 71]	36
851	[61, 73]	39
255	[95, 17]	52
0708	[69, 74]	53
1563	[46, 21]	41
0904	[64, 50]	25
1267	[1, 88]	56
967	[31, 45]	45
1742	[18, 17]	39
01878	[59, 20]	50
1000	[30, 79]	34
1243	[63, 90]	29
457	[33, 32]	26
1974	[65, 100]	46
027	[53, 30]	37
1415	[35, 23]	52
1191	[50, 78]	52
1800	[78, 20]	58
190	[99, 71]	30
1330	[15, 69]	43
1285	[33, 98]	27
783	[41, 85]	31
461	[45, 47]	32
1223	[46, 69]	54
1943	[47, 58]	51
0111	[46, 45]	43
01368	[34, 56]	40
0860	[71, 95]	52
257	[86, 18]	41
1334	[11, 53]	35
1438	[69, 83]	45
0166	[63, 70]	56
1747	[38, 76]	43
1047	[20, 47]	33
834	[53, 78]	32
610	[19, 80]	41
577	[6, 14]	47
01682	[5, 16]	57
0599	[82, 93]	26
444	[91, 14]	33
1282	[0, 47]	41
1612	[83, 49]	41
932	[86, 60]	47
01004	[65, 86]	45
250	[15, 37]	23
1281	[70, 3]	43
1591	[62, 96]	41
0222	[7, 100]	30
01350	[49, 38]	38
0529	[47, 57]	22
672	[1, 53]	37
0410	[65, 10]	36
78	[28, 71]	50
1575	[46, 54]	56
147	[35, 35]	21
1667	[54, 65]	44
1173	[12, 28]	23
1803	[17, 21]	54
01948	[90, 73]	41
1212	[70, 82]	31
1781	[2, 48]	42
1291	[19, 56]	22
01996	[41, 16]	42
873	[55, 69]	24
662	[80, 51]	53
1817	[8, 44]	31
767	[29, 62]	40
810	[31, 66]	51
986	[51, 94]	51
136	[17, 88]	30
683	[82, 24]	47
962	[74, 96]	25
1133	[85, 0]	35
1451	[34, 88]	45
1029	[54, 35]	44
01478	[88, 27]	48
01550	[62, 18]	32
1629	[46, 71]	52
1571	[40, 85]	52
1082	[2, 62]	22
543	[86, 64]	21
756	[38, 93]	39
1792	[70, 50]	55
1236	[0, 3]	32
01912	[5, 46]	26
1167	[57, 11]	23
1087	[95, 81]	44
39	[77, 50]	25
01193	[34, 72]	58
1949	[100, 51]	24
1752	[89, 91]	25
01538	[1, 73]	42
5	[19, 91]	45
0609	[85, 78]	42
283	[32, 91]	30
1679	[33, 22]	53
978	[0, 6]	34
843	[86, 56]	54
205	[47, 27]	29
1660	[74, 77]	52
1826	[63, 36]	37
1758	[56, 91]	28
446	[7, 86]	56
1522	[38, 40]	51
01166	[46, 57]	48
836	[10, 51]	33
01168	[43, 78]	53
54	[26, 24]	42
1175	[40, 1]	25
092	[66, 2]	27
58	[2, 26]	57
417	[9, 18]	33
01572	[18, 76]	55
1143	[40, 2]	45
759	[66, 38]	43
1483	[9, 36]	42
1245	[67, 21]	50
01812	[58, 79]	58
1477	[40, 62]	55
580	[85, 96]	34
1506	[21, 96]	26
1161	[26, 82]	29
1214	[12, 87]	53
947	[64, 33]	37
1828	[65, 5]	50
1611	[24, 54]	37
1367	[30, 76]	52
342	[23, 50]	24
0143	[35, 59]	21
1664	[46, 52]	26
01148	[65, 55]	52
979	[28, 1]	45
495	[13, 38]	37
207	[58, 2]	41
642	[63, 46]	22
50	[37, 99]	43
1405	[54, 22]	21
124	[51, 60]	52
01468	[4, 12]	31
01872	[22, 38]	54
01268	[1, 78]	33
805	[96, 45]	42
514	[44, 69]	22
145	[37, 93]	32
1603	[50, 57]	28
1041	[56, 71]	49
1422	[14, 51]	55
01718	[9, 55]	51
1813	[16, 80]	40
955	[97, 76]	45
710	[43, 15]	25
1744	[38, 98]	47
9	[88, 5]	47
1653	[97, 99]	39
1991	[8, 48]	27
1729	[69, 21]	56
1129	[6, 65]	21
1745	[94, 81]	22
443	[41, 47]	50
526	[61, 53]	55
01484	[15, 81]	26
236	[44, 66]	38
1319	[62, 95]	26
72	[83, 28]	57
0213	[10, 39]	46
252	[13, 40]	53
01480	[12, 75]	23
1058	[55, 34]	57
1142	[20, 52]	57
1519	[25, 67]	50
0762	[35, 33]	42
0320	[63, 2]	44
0779	[17, 99]	40
681	[77, 43]	32
1475	[21, 61]	52
1557	[51, 49]	50
125	[7, 37]	26
0728	[94, 71]	24
81	[63, 79]	35
1042	[0, 91]	21
335	[50, 60]	43
0556	[99, 30]	32
571	[41, 95]	47
1734	[18, 52]	43
1399	[46, 80]	48
826	[88, 94]	33
01275	[59, 34]	40
1385	[81, 12]	57
0606	[56, 74]	27
1118	[26, 8]	56
280	[13, 73]	34
227	[75, 88]	52
1387	[94, 91]	34
1109	[84, 59]	51
641	[32, 40]	43
1176	[61, 8]	37
1358	[36, 79]	33
370	[70, 4]	32
1788	[82, 68]	27
1216	[65, 59]	21
1461	[18, 74]	56
1728	[12, 10]	25
1311	[97, 7]	53
619	[12, 73]	27
816	[32, 35]	39
1502	[66, 63]	46
1221	[77, 57]	33
882	[100, 31]	23
01075	[82, 31]	23
866	[28, 43]	30
01994	[35, 96]	32
465	[62, 78]	22
132	[16, 77]	53
1160	[37, 48]	47
01777	[40, 6]	39
1309	[38, 25]	22
647	[40, 39]	53
436	[81, 16]	21
1304	[1, 55]	43
425	[61, 99]	34
4	[80, 93]	32
0138	[15, 99]	39
17	[93, 37]	54
1523	[17, 60]	52
1695	[69, 78]	55
339	[80, 48]	46
890	[95, 84]	35
1417	[3, 30]	32
253	[95, 43]	29
0761	[71, 97]	56
0259	[44, 58]	22
0938	[20, 53]	24
558	[59, 67]	22
1489	[22, 16]	23
01263	[31, 67]	39
1587	[18, 67]	57
372	[57, 53]	44
1980	[21, 41]	27
782	[76, 28]	47
01487	[93, 86]	26
1064	[58, 81]	44
1929	[29, 56]	50
1344	[58, 36]	29
1993	[75, 9]	25
0504	[59, 88]	22
0216	[19, 57]	55
1279	[55, 11]	51
1963	[52, 100]	37
751	[15, 80]	37
01607	[28, 93]	45
819	[52, 97]	53
1276	[8, 62]	38
1829	[50, 15]	49
747	[2, 92]	30
883	[92, 3]	41
1208	[20, 65]	29
480	[57, 76]	27
825	[98, 82]	34
772	[14, 26]	35
1445	[14, 10]	49
42	[6, 29]	57
1126	[17, 85]	40
0434	[54, 78]	43
1686	[60, 90]	34
1577	[24, 33]	33
01919	[87, 38]	26
1170	[29, 85]	23
604	[9, 25]	39
1346	[68, 92]	27
1950	[40, 90]	46
0727	[77, 60]	43
407	[91, 84]	27
1680	[22, 48]	41
0741	[43, 49]	38
1178	[58, 61]	45
1531	[50, 42]	57
721	[24, 89]	45
1894	[9, 60]	42
565	[17, 66]	37
1034	[66, 6]	52
649	[72, 10]	25
537	[13, 6]	58
771	[9, 38]	46
1039	[13, 74]	21
1520	[11, 85]	55
341	[30, 53]	52
548	[29, 19]	44
853	[84, 19]	58
385	[51, 68]	55
0196	[80, 77]	48
1130	[78, 56]	28
1074	[58, 45]	51
139	[47, 44]	25
620	[19, 7]	29
01448	[15, 71]	52
492	[95, 47]	30
01203	[76, 30]	55
1545	[76, 49]	31
592	[48, 13]	35
1528	[86, 82]	32
264	[31, 50]	42
1253	[90, 28]	29
858	[14, 19]	43
1649	[6, 75]	46
1684	[71, 71]	34
01479	[55, 49]	36
199	[38, 18]	50
1893	[14, 63]	39
736	[81, 51]	48
911	[10, 96]	51
01264	[74, 13]	31
1723	[35, 29]	31
1336	[92, 72]	43
1501	[8, 60]	47
0800	[31, 57]	43
519	[75, 70]	43
1292	[22, 18]	38
0503	[48, 64]	50
1088	[83, 50]	51
1853	[61, 18]	36
178	[38, 19]	46
20	[100, 56]	45
0936	[78, 45]	21
01366	[94, 13]	29
1947	[88, 4]	37
1495	[96, 22]	29
88	[37, 6]	57
1706	[53, 76]	24
1424	[8, 78]	38
388	[11, 63]	41
695	[94, 68]	51
93	[80, 21]	58
01469	[5, 66]	45
1532	[49, 32]	33
1687	[32, 31]	30
186	[64, 96]	35
1889	[94, 43]	48
0989	[18, 37]	50
458	[34, 2]	42
1339	[30, 5]	23
1907	[75, 80]	48
981	[90, 59]	53
1535	[46, 47]	34
1944	[71, 24]	32
991	[89, 2]	54
518	[63, 23]	31
517	[14, 81]	36
1421	[33, 5]	22
1866	[43, 91]	23
1401	[1, 97]	52
0572	[50, 46]	29
0215	[38, 48]	53
01568	[40, 76]	45
1824	[40, 15]	27
807	[57, 23]	50
1780	[8, 49]	55
30	[48, 14]	47
646	[34, 68]	30
0159	[0, 65]	26
1871	[82, 70]	53
1157	[67, 79]	36
1388	[7, 87]	45
1277	[58, 64]	50
1055	[71, 17]	33
121	[72, 81]	52
628	[62, 11]	23
0705	[39, 0]	25
0365	[5, 51]	43
435	[96, 71]	30
01580	[50, 8]	23
241	[30, 89]	56
1240	[92, 28]	41
561	[82, 3]	35
1007	[76, 23]	25
314	[35, 71]	55
588	[74, 68]	41
1840	[31, 9]	21
1530	[20, 70]	33
0180	[96, 15]	56
1139	[7, 53]	48
02	[1, 1]	12